
  --------------------------------- START OF FEAP LOG ----------------------------------

  INPUT FILE NAME: Iarcl                                                                                                                           

  MESH INPUT RECORDS
  ------------------
     material                       
     param                          
     block                          
     boun                           
     forc                           
     disp                           
     end                            

  --------------------------------- END OF MESH INPUTS ---------------------------------


  SOLUTION SUMMARY
  ----------------

  Load    Total     Solution      Time     Residual Norm        Energy Norm     CPU Time
  Step  Tang+Forms      Time      Incr.  Initial     Final   Initial     Final (Seconds)
  --------------------------------------------------------------------------------------
     1     6    0  1.000E+00  1.00E+00  1.00E+00  1.58E-10  5.57E+01  1.26E-21      0.00
     2     6    0  2.000E+00  1.00E+00  1.00E+00  4.86E-13  1.17E+02  8.63E-28      0.00
     3     5    0  3.000E+00  1.00E+00  1.00E+00  1.09E-07  2.06E+02  6.26E-16      0.00
     4     5    0  4.000E+00  1.00E+00  1.00E+00  4.97E-08  3.40E+02  1.09E-16      0.00
     5     5    0  5.000E+00  1.00E+00  1.00E+00  2.16E-08  5.72E+02  4.32E-17      0.00
     6     5    0  6.000E+00  1.00E+00  1.00E+00  9.78E-09  1.08E+03  2.46E-17      0.01
     7     5    0  7.000E+00  1.00E+00  1.00E+00  4.74E-09  3.31E+03 -4.57E-18      0.01
     8     5    0  8.000E+00  1.00E+00  1.00E+00  2.48E-09  5.23E+03  2.26E-19      0.01
     9     5    0  9.000E+00  1.00E+00  1.00E+00  1.39E-09  1.66E+03  1.74E-19      0.01
    10     5    0  1.000E+01  1.00E+00  1.00E+00  8.28E-10  1.05E+03  7.19E-20      0.01
    11     5    0  1.100E+01  1.00E+00  1.00E+00  5.11E-10  7.87E+02  2.61E-20      0.01
    12     5    0  1.200E+01  1.00E+00  1.00E+00  3.20E-10  6.43E+02  8.52E-21      0.01
    13     5    0  1.300E+01  1.00E+00  1.00E+00  1.95E-10  5.49E+02  2.37E-21      0.01
    14     5    0  1.400E+01  1.00E+00  1.00E+00  1.10E-10  4.83E+02  4.86E-22      0.01
    15     5    0  1.500E+01  1.00E+00  1.00E+00  5.28E-11  4.33E+02  4.83E-23      0.01
    16     5    0  1.600E+01  1.00E+00  1.00E+00  3.96E-11  3.93E+02  1.50E-23      0.01
    17     5    0  1.700E+01  1.00E+00  1.00E+00  8.82E-11  3.61E+02  1.02E-22      0.01
    18     5    0  1.800E+01  1.00E+00  1.00E+00  2.15E-10  3.33E+02  5.50E-22      0.01
    19     5    0  1.900E+01  1.00E+00  1.00E+00  5.07E-10  3.08E+02  3.22E-21      0.02
    20     5    0  2.000E+01  1.00E+00  1.00E+00  1.11E-09  2.86E+02  1.78E-20      0.02
    21     5    0  2.100E+01  1.00E+00  1.00E+00  2.25E-09  2.65E+02  6.01E-20      0.02
    22     5    0  2.200E+01  1.00E+00  1.00E+00  1.05E-08  2.44E+02  3.82E-18      0.02
    23     5    0  2.300E+01  1.00E+00  1.00E+00  1.73E-07  2.22E+02  1.86E-15      0.02
    24     6    0  2.400E+01  1.00E+00  1.00E+00  1.46E-10  1.99E+02  1.95E-22      0.02
    25     6    0  2.500E+01  1.00E+00  1.00E+00  1.32E-07  1.71E+02  1.62E-16      0.02
    26     7    0  2.600E+01  1.00E+00  1.00E+00  9.74E-08  1.36E+02  1.81E-16      0.02
    27    18    0  2.700E+01  1.00E+00  1.00E+00  7.53E-10  8.42E+01  4.15E-20      0.02
    28     8    0  2.800E+01  1.00E+00  1.00E+00  8.30E-12  8.17E+01  3.47E-24      0.02
    29     7    0  2.900E+01  1.00E+00  1.00E+00  1.39E-08  1.01E+01  7.76E-18      0.02
    30     6    0  3.000E+01  1.00E+00  1.00E+00  2.32E-08  3.73E-01  2.87E-18      0.02
    31     5    0  3.100E+01  1.00E+00  1.00E+00  6.88E-12  2.53E-01  4.69E-25      0.02
    32     5    0  3.200E+01  1.00E+00  1.00E+00  3.65E-12  2.16E-01  2.34E-26      0.02
    33     4    0  3.300E+01  1.00E+00  1.00E+00  7.37E-09  1.89E-01  7.33E-19      0.02
    34     4    0  3.400E+01  1.00E+00  1.00E+00  7.81E-10  1.68E-01  6.57E-21      0.02
    35     4    0  3.500E+01  1.00E+00  1.00E+00  1.30E-10  1.51E-01  1.49E-22      0.02
    36     4    0  3.600E+01  1.00E+00  1.00E+00  2.94E-11  1.37E-01  6.20E-24      0.02
    37     4    0  3.700E+01  1.00E+00  1.00E+00  1.11E-11  1.26E-01  5.45E-25      0.03
    38     4    0  3.800E+01  1.00E+00  1.00E+00  5.25E-12  1.16E-01  7.26E-26      0.03
    39     4    0  3.900E+01  1.00E+00  1.00E+00  4.26E-12  1.07E-01  3.55E-26      0.03
    40     4    0  4.000E+01  1.00E+00  1.00E+00  3.63E-12  9.98E-02  3.65E-26      0.03
    41     4    0  4.100E+01  1.00E+00  1.00E+00  4.57E-12  9.35E-02  4.46E-26      0.03
    42     4    0  4.200E+01  1.00E+00  1.00E+00  4.65E-12  8.79E-02  4.69E-26      0.03
    43     4    0  4.300E+01  1.00E+00  1.00E+00  4.00E-12  8.30E-02  3.27E-26      0.03
    44     4    0  4.400E+01  1.00E+00  1.00E+00  4.12E-12  7.86E-02  3.73E-26      0.03
    45     4    0  4.500E+01  1.00E+00  1.00E+00  5.23E-12  7.47E-02  6.78E-26      0.03
    46     4    0  4.600E+01  1.00E+00  1.00E+00  6.10E-12  7.12E-02  7.94E-26      0.03
    47     4    0  4.700E+01  1.00E+00  1.00E+00  7.80E-12  6.81E-02  1.27E-25      0.03
    48     4    0  4.800E+01  1.00E+00  1.00E+00  4.58E-12  6.52E-02  6.29E-26      0.03
    49     4    0  4.900E+01  1.00E+00  1.00E+00  4.45E-12  6.27E-02  4.50E-26      0.03
