
  --------------------------------- START OF FEAP LOG ----------------------------------

  INPUT FILE NAME: Ipatch_Tetra4_1el_passt                                                                                                         

  MESH INPUT RECORDS
  ------------------
     MATErial        1              
     COORdinates                    
     ELEMents                       
     BOUNdary        restraints     
     FORCes                         
     END                            

  --------------------------------- END OF MESH INPUTS ---------------------------------


  SOLUTION SUMMARY
  ----------------

  Load    Total     Solution      Time     Residual Norm        Energy Norm     CPU Time
  Step  Tang+Forms      Time      Incr.  Initial     Final   Initial     Final (Seconds)
  --------------------------------------------------------------------------------------
     1     2    0  1.000E-02  1.00E-02  8.00E-02  2.78E-17  3.84E-06  4.79E-37      0.00
     2     2    0  2.000E-02  1.00E-02  8.00E-02  5.67E-17  3.84E-06  1.68E-36      0.00
     3     2    0  3.000E-02  1.00E-02  8.00E-02  7.23E-17  3.84E-06  1.60E-36      0.01
     4     2    0  4.000E-02  1.00E-02  8.00E-02  6.19E-17  3.84E-06  1.55E-36      0.01
     5     2    0  5.000E-02  1.00E-02  8.00E-02  4.63E-17  3.84E-06  5.96E-37      0.01
     6     2    0  6.000E-02  1.00E-02  8.00E-02  5.74E-17  3.84E-06  1.73E-36      0.01
     7     2    0  7.000E-02  1.00E-02  8.00E-02  1.52E-16  3.84E-06  6.72E-36      0.01
     8     2    0  8.000E-02  1.00E-02  8.00E-02  1.24E-16  3.84E-06  1.05E-35      0.01
     9     2    0  9.000E-02  1.00E-02  8.00E-02  1.38E-16  3.84E-06  7.48E-36      0.01
    10     2    0  1.000E-01  1.00E-02  8.00E-02  1.79E-16  3.84E-06  8.65E-36      0.01
    11     2    0  1.100E-01  1.00E-02  8.00E-02  3.48E-16  3.84E-06  5.80E-35      0.01
    12     2    0  1.200E-01  1.00E-02  8.00E-02  1.15E-16  3.84E-06  8.86E-36      0.01
    13     2    0  1.300E-01  1.00E-02  8.00E-02  2.24E-16  3.84E-06  2.82E-35      0.01
    14     2    0  1.400E-01  1.00E-02  8.00E-02  2.44E-16  3.84E-06  4.03E-35      0.01
    15     2    0  1.500E-01  1.00E-02  8.00E-02  4.54E-16  3.84E-06  1.07E-34      0.01
    16     2    0  1.600E-01  1.00E-02  8.00E-02  4.73E-16  3.84E-06  1.09E-34      0.01
    17     2    0  1.700E-01  1.00E-02  8.00E-02  4.60E-16  3.84E-06  1.04E-34      0.01
    18     2    0  1.800E-01  1.00E-02  8.00E-02  4.52E-16  3.84E-06  1.09E-34      0.01
    19     2    0  1.900E-01  1.00E-02  8.00E-02  2.89E-16  3.84E-06  2.56E-35      0.01
    20     2    0  2.000E-01  1.00E-02  8.00E-02  2.24E-16  3.84E-06  3.20E-35      0.01
    21     2    0  2.100E-01  1.00E-02  8.00E-02  2.52E-16  3.84E-06  4.42E-35      0.01
    22     2    0  2.200E-01  1.00E-02  8.00E-02  2.00E-16  3.84E-06  2.01E-35      0.01
    23     2    0  2.300E-01  1.00E-02  8.00E-02  2.50E-16  3.84E-06  2.99E-35      0.01
    24     2    0  2.400E-01  1.00E-02  8.00E-02  2.29E-16  3.84E-06  3.54E-35      0.01
    25     2    0  2.500E-01  1.00E-02  8.00E-02  2.00E-16  3.84E-06  1.20E-35      0.02
    26     2    0  2.600E-01  1.00E-02  8.00E-02  2.89E-17  3.84E-06  5.02E-37      0.02
    27     2    0  2.700E-01  1.00E-02  8.00E-02  4.48E-16  3.84E-06  1.13E-34      0.02
    28     2    0  2.800E-01  1.00E-02  8.00E-02  9.74E-16  3.84E-06  6.45E-34      0.02
    29     2    0  2.900E-01  1.00E-02  8.00E-02  4.81E-16  3.84E-06  1.38E-34      0.02
    30     2    0  3.000E-01  1.00E-02  8.00E-02  4.59E-16  3.84E-06  1.11E-34      0.02
    31     2    0  3.100E-01  1.00E-02  8.00E-02  4.45E-16  3.84E-06  1.15E-34      0.02
    32     2    0  3.200E-01  1.00E-02  8.00E-02  5.78E-17  3.84E-06  2.01E-36      0.02
    33     2    0  3.300E-01  1.00E-02  8.00E-02  5.04E-16  3.84E-06  9.99E-35      0.02
    34     2    0  3.400E-01  1.00E-02  8.00E-02  2.00E-16  3.84E-06  2.01E-35      0.02
    35     2    0  3.500E-01  1.00E-02  8.00E-02  4.87E-16  3.84E-06  1.38E-34      0.02
    36     2    0  3.600E-01  1.00E-02  8.00E-02  4.44E-16  3.84E-06  1.18E-34      0.02
    37     2    0  3.700E-01  1.00E-02  8.00E-02  1.64E-16  3.84E-06  8.02E-36      0.02
    38     2    0  3.800E-01  1.00E-02  8.00E-02  4.48E-16  3.84E-06  1.13E-34      0.02
    39     2    0  3.900E-01  1.00E-02  8.00E-02  4.44E-16  3.84E-06  1.18E-34      0.02
    40     2    0  4.000E-01  1.00E-02  8.00E-02  4.77E-16  3.84E-06  1.03E-34      0.02
    41     2    0  4.100E-01  1.00E-02  8.00E-02  9.03E-16  3.84E-06  5.12E-34      0.02
    42     2    0  4.200E-01  1.00E-02  8.00E-02  1.35E-15  3.84E-06  1.07E-33      0.02
    43     2    0  4.300E-01  1.00E-02  8.00E-02  8.90E-16  3.84E-06  4.60E-34      0.02
    44     2    0  4.400E-01  1.00E-02  8.00E-02  5.78E-16  3.84E-06  2.10E-34      0.03
    45     2    0  4.500E-01  1.00E-02  8.00E-02  9.34E-16  3.84E-06  4.46E-34      0.03
    46     2    0  4.600E-01  1.00E-02  8.00E-02  1.33E-15  3.84E-06  1.09E-33      0.03
    47     2    0  4.700E-01  1.00E-02  8.00E-02  5.78E-16  3.84E-06  1.03E-34      0.03
    48     2    0  4.800E-01  1.00E-02  8.00E-02  9.74E-16  3.84E-06  3.98E-34      0.03
    49     2    0  4.900E-01  1.00E-02  8.00E-02  3.70E-16  3.84E-06  3.81E-35      0.03
    50     2    0  5.000E-01  1.00E-02  8.00E-02  1.16E-16  3.84E-06  8.02E-36      0.03
    51     2    0  5.100E-01  1.00E-02  8.00E-02  4.37E-16  3.84E-06  6.22E-35      0.03
    52     2    0  5.200E-01  1.00E-02  8.00E-02  1.81E-15  3.84E-06  2.05E-33      0.03
    53     2    0  5.300E-01  1.00E-02  8.00E-02  2.69E-15  3.84E-06  3.94E-33      0.03
    54     2    0  5.400E-01  1.00E-02  8.00E-02  1.78E-15  3.84E-06  1.84E-33      0.03
    55     2    0  5.500E-01  1.00E-02  8.00E-02  9.48E-16  3.84E-06  5.80E-34      0.03
    56     2    0  5.600E-01  1.00E-02  8.00E-02  1.12E-15  3.84E-06  4.26E-34      0.03
    57     2    0  5.700E-01  1.00E-02  8.00E-02  3.70E-16  3.84E-06  3.81E-35      0.03
    58     2    0  5.800E-01  1.00E-02  8.00E-02  1.16E-16  3.84E-06  8.02E-36      0.03
    59     2    0  5.900E-01  1.00E-02  8.00E-02  1.13E-15  3.84E-06  4.17E-34      0.03
    60     2    0  6.000E-01  1.00E-02  8.00E-02  9.48E-16  3.84E-06  5.80E-34      0.03
    61     2    0  6.100E-01  1.00E-02  8.00E-02  3.27E-16  3.84E-06  3.21E-35      0.03
    62     2    0  6.200E-01  1.00E-02  8.00E-02  8.88E-16  3.84E-06  4.73E-34      0.03
    63     2    0  6.300E-01  1.00E-02  8.00E-02  3.47E-16  3.84E-06  3.21E-35      0.03
    64     2    0  6.400E-01  1.00E-02  8.00E-02  1.10E-15  3.84E-06  4.57E-34      0.03
    65     2    0  6.500E-01  1.00E-02  8.00E-02  3.47E-16  3.84E-06  3.21E-35      0.03
    66     2    0  6.600E-01  1.00E-02  8.00E-02  1.82E-15  3.84E-06  1.97E-33      0.03
    67     2    0  6.700E-01  1.00E-02  8.00E-02  7.41E-16  3.84E-06  1.52E-34      0.03
    68     2    0  6.800E-01  1.00E-02  8.00E-02  1.17E-15  3.84E-06  5.00E-34      0.03
    69     2    0  6.900E-01  1.00E-02  8.00E-02  9.54E-16  3.84E-06  4.13E-34      0.03
    70     2    0  7.000E-01  1.00E-02  8.00E-02  1.98E-15  3.84E-06  1.71E-33      0.03
    71     2    0  7.100E-01  1.00E-02  8.00E-02  6.64E-16  3.84E-06  1.20E-34      0.03
    72     2    0  7.200E-01  1.00E-02  8.00E-02  1.04E-15  3.84E-06  2.89E-34      0.03
    73     2    0  7.300E-01  1.00E-02  8.00E-02  2.66E-15  3.84E-06  4.26E-33      0.03
    74     2    0  7.400E-01  1.00E-02  8.00E-02  1.16E-15  3.84E-06  8.41E-34      0.03
    75     2    0  7.500E-01  1.00E-02  8.00E-02  4.01E-16  3.84E-06  4.81E-35      0.03
    76     2    0  7.600E-01  1.00E-02  8.00E-02  6.64E-16  3.84E-06  1.20E-34      0.03
    77     2    0  7.700E-01  1.00E-02  8.00E-02  1.81E-15  3.84E-06  1.78E-33      0.03
    78     2    0  7.800E-01  1.00E-02  8.00E-02  1.20E-15  3.84E-06  4.19E-34      0.03
    79     2    0  7.900E-01  1.00E-02  8.00E-02  9.54E-16  3.84E-06  4.91E-34      0.03
    80     2    0  8.000E-01  1.00E-02  8.00E-02  1.81E-15  3.84E-06  2.11E-33      0.03
    81     2    0  8.100E-01  1.00E-02  8.00E-02  8.96E-16  3.84E-06  5.12E-34      0.03
    82     2    0  8.200E-01  1.00E-02  8.00E-02  8.96E-16  3.84E-06  4.51E-34      0.03
    83     2    0  8.300E-01  1.00E-02  8.00E-02  1.81E-15  3.84E-06  2.00E-33      0.03
    84     2    0  8.400E-01  1.00E-02  8.00E-02  3.47E-16  3.84E-06  3.21E-35      0.03
    85     2    0  8.500E-01  1.00E-02  8.00E-02  1.16E-15  3.84E-06  4.10E-34      0.03
    86     2    0  8.600E-01  1.00E-02  8.00E-02  9.74E-16  3.84E-06  6.45E-34      0.03
    87     2    0  8.700E-01  1.00E-02  8.00E-02  1.20E-15  3.84E-06  9.12E-34      0.04
    88     2    0  8.800E-01  1.00E-02  8.00E-02  7.41E-16  3.84E-06  1.52E-34      0.04
    89     2    0  8.900E-01  1.00E-02  8.00E-02  9.18E-16  3.84E-06  4.44E-34      0.04
    90     2    0  9.000E-01  1.00E-02  8.00E-02  2.93E-15  3.84E-06  3.69E-33      0.04
    91     2    0  9.100E-01  1.00E-02  8.00E-02  6.54E-16  3.84E-06  1.28E-34      0.04
    92     2    0  9.200E-01  1.00E-02  8.00E-02  7.41E-16  3.84E-06  1.52E-34      0.04
    93     2    0  9.300E-01  1.00E-02  8.00E-02  1.92E-15  3.84E-06  1.61E-33      0.04
    94     2    0  9.400E-01  1.00E-02  8.00E-02  1.25E-15  3.84E-06  9.99E-34      0.04
    95     2    0  9.500E-01  1.00E-02  8.00E-02  8.96E-16  3.84E-06  4.51E-34      0.04
    96     2    0  9.600E-01  1.00E-02  8.00E-02  9.18E-16  3.84E-06  4.44E-34      0.04
    97     2    0  9.700E-01  1.00E-02  8.00E-02  1.95E-15  3.84E-06  2.21E-33      0.04
    98     2    0  9.800E-01  1.00E-02  8.00E-02  1.06E-15  3.84E-06  5.20E-34      0.04
    99     2    0  9.900E-01  1.00E-02  8.00E-02  7.41E-16  3.84E-06  1.52E-34      0.04
