
  --------------------------------- START OF FEAP LOG ----------------------------------

  INPUT FILE NAME: ishear1Mc                                                                                                                       

  MESH INPUT RECORDS
  ------------------
     MATErial        1              
     COORDINATES                    
     ELEMENTS                       
     eboundary                      
     edisp                          
     eprop                          
     END                            

  --------------------------------- END OF MESH INPUTS ---------------------------------


  SOLUTION SUMMARY
  ----------------

  Load    Total     Solution      Time     Residual Norm        Energy Norm     CPU Time
  Step  Tang+Forms      Time      Incr.  Initial     Final   Initial     Final (Seconds)
  --------------------------------------------------------------------------------------
     1     1    0  5.000E-03  5.00E-03  0.00E+00  0.00E+00  1.00E+00                0.00
     2     1    0  1.000E-02  5.00E-03  0.00E+00  0.00E+00  1.00E+00                0.00
     3     1    0  1.500E-02  5.00E-03  0.00E+00  0.00E+00  1.00E+00                0.00
     4     1    0  2.000E-02  5.00E-03  0.00E+00  0.00E+00  1.00E+00                0.00
     5     1    0  2.500E-02  5.00E-03  0.00E+00  0.00E+00  1.00E+00                0.00
     6     1    0  3.000E-02  5.00E-03  0.00E+00  0.00E+00  1.00E+00                0.00
     7     1    0  3.500E-02  5.00E-03  0.00E+00  0.00E+00  1.00E+00                0.00
     8     1    0  4.000E-02  5.00E-03  0.00E+00  0.00E+00  1.00E+00                0.00
     9     1    0  4.500E-02  5.00E-03  0.00E+00  0.00E+00  1.00E+00                0.00
    10     1    0  5.000E-02  5.00E-03  0.00E+00  0.00E+00  1.00E+00                0.00
    11     1    0  5.500E-02  5.00E-03  0.00E+00  0.00E+00  1.00E+00                0.00
    12     1    0  6.000E-02  5.00E-03  0.00E+00  0.00E+00  1.00E+00                0.00
    13     1    0  6.500E-02  5.00E-03  0.00E+00  0.00E+00  1.00E+00                0.00
    14     1    0  7.000E-02  5.00E-03  0.00E+00  0.00E+00  1.00E+00                0.00
    15     1    0  7.500E-02  5.00E-03  0.00E+00  0.00E+00  1.00E+00                0.00
    16     1    0  8.000E-02  5.00E-03  0.00E+00  0.00E+00  1.00E+00                0.00
    17     1    0  8.500E-02  5.00E-03  0.00E+00  0.00E+00  1.00E+00                0.00
    18     1    0  9.000E-02  5.00E-03  0.00E+00  0.00E+00  1.00E+00                0.00
    19     1    0  9.500E-02  5.00E-03  0.00E+00  0.00E+00  1.00E+00                0.00
    20     1    0  1.000E-01  5.00E-03  0.00E+00  0.00E+00  1.00E+00                0.00
    21     1    0  1.050E-01  5.00E-03  0.00E+00  0.00E+00  1.00E+00                0.00
    22     1    0  1.100E-01  5.00E-03  0.00E+00  0.00E+00  1.00E+00                0.00
    23     1    0  1.150E-01  5.00E-03  0.00E+00  0.00E+00  1.00E+00                0.00
    24     1    0  1.200E-01  5.00E-03  0.00E+00  0.00E+00  1.00E+00                0.00
    25     1    0  1.250E-01  5.00E-03  0.00E+00  0.00E+00  1.00E+00                0.00
    26     1    0  1.300E-01  5.00E-03  0.00E+00  0.00E+00  1.00E+00                0.00
    27     1    0  1.350E-01  5.00E-03  0.00E+00  0.00E+00  1.00E+00                0.00
    28     1    0  1.400E-01  5.00E-03  0.00E+00  0.00E+00  1.00E+00                0.00
    29     1    0  1.450E-01  5.00E-03  0.00E+00  0.00E+00  1.00E+00                0.00
    30     1    0  1.500E-01  5.00E-03  0.00E+00  0.00E+00  1.00E+00                0.00
    31     1    0  1.550E-01  5.00E-03  0.00E+00  0.00E+00  1.00E+00                0.00
    32     1    0  1.600E-01  5.00E-03  0.00E+00  0.00E+00  1.00E+00                0.00
    33     1    0  1.650E-01  5.00E-03  0.00E+00  0.00E+00  1.00E+00                0.00
    34     1    0  1.700E-01  5.00E-03  0.00E+00  0.00E+00  1.00E+00                0.00
    35     1    0  1.750E-01  5.00E-03  0.00E+00  0.00E+00  1.00E+00                0.00
    36     1    0  1.800E-01  5.00E-03  0.00E+00  0.00E+00  1.00E+00                0.00
    37     1    0  1.850E-01  5.00E-03  0.00E+00  0.00E+00  1.00E+00                0.00
    38     1    0  1.900E-01  5.00E-03  0.00E+00  0.00E+00  1.00E+00                0.00
    39     1    0  1.950E-01  5.00E-03  0.00E+00  0.00E+00  1.00E+00                0.00
    40     1    0  2.000E-01  5.00E-03  0.00E+00  0.00E+00  1.00E+00                0.01
    41     1    0  2.050E-01  5.00E-03  0.00E+00  0.00E+00  1.00E+00                0.01
    42     1    0  2.100E-01  5.00E-03  0.00E+00  0.00E+00  1.00E+00                0.01
    43     1    0  2.150E-01  5.00E-03  0.00E+00  0.00E+00  1.00E+00                0.01
    44     1    0  2.200E-01  5.00E-03  0.00E+00  0.00E+00  1.00E+00                0.01
    45     1    0  2.250E-01  5.00E-03  0.00E+00  0.00E+00  1.00E+00                0.01
    46     1    0  2.300E-01  5.00E-03  0.00E+00  0.00E+00  1.00E+00                0.01
    47     1    0  2.350E-01  5.00E-03  0.00E+00  0.00E+00  1.00E+00                0.01
    48     1    0  2.400E-01  5.00E-03  0.00E+00  0.00E+00  1.00E+00                0.01
    49     1    0  2.450E-01  5.00E-03  0.00E+00  0.00E+00  1.00E+00                0.01
    50     1    0  2.500E-01  5.00E-03  0.00E+00  0.00E+00  1.00E+00                0.01
    51     1    0  2.550E-01  5.00E-03  0.00E+00  0.00E+00  1.00E+00                0.01
    52     1    0  2.600E-01  5.00E-03  0.00E+00  0.00E+00  1.00E+00                0.01
    53     1    0  2.650E-01  5.00E-03  0.00E+00  0.00E+00  1.00E+00                0.01
    54     1    0  2.700E-01  5.00E-03  0.00E+00  0.00E+00  1.00E+00                0.01
    55     1    0  2.750E-01  5.00E-03  0.00E+00  0.00E+00  1.00E+00                0.01
    56     1    0  2.800E-01  5.00E-03  0.00E+00  0.00E+00  1.00E+00                0.01
    57     1    0  2.850E-01  5.00E-03  0.00E+00  0.00E+00  1.00E+00                0.01
    58     1    0  2.900E-01  5.00E-03  0.00E+00  0.00E+00  1.00E+00                0.01
    59     1    0  2.950E-01  5.00E-03  0.00E+00  0.00E+00  1.00E+00                0.01
    60     1    0  3.000E-01  5.00E-03  0.00E+00  0.00E+00  1.00E+00                0.01
    61     1    0  3.050E-01  5.00E-03  0.00E+00  0.00E+00  1.00E+00                0.01
    62     1    0  3.100E-01  5.00E-03  0.00E+00  0.00E+00  1.00E+00                0.01
    63     1    0  3.150E-01  5.00E-03  0.00E+00  0.00E+00  1.00E+00                0.01
    64     1    0  3.200E-01  5.00E-03  0.00E+00  0.00E+00  1.00E+00                0.01
    65     1    0  3.250E-01  5.00E-03  0.00E+00  0.00E+00  1.00E+00                0.01
    66     1    0  3.300E-01  5.00E-03  0.00E+00  0.00E+00  1.00E+00                0.01
    67     1    0  3.350E-01  5.00E-03  0.00E+00  0.00E+00  1.00E+00                0.01
    68     1    0  3.400E-01  5.00E-03  0.00E+00  0.00E+00  1.00E+00                0.01
    69     1    0  3.450E-01  5.00E-03  0.00E+00  0.00E+00  1.00E+00                0.01
    70     1    0  3.500E-01  5.00E-03  0.00E+00  0.00E+00  1.00E+00                0.01
    71     1    0  3.550E-01  5.00E-03  0.00E+00  0.00E+00  1.00E+00                0.01
    72     1    0  3.600E-01  5.00E-03  0.00E+00  0.00E+00  1.00E+00                0.01
    73     1    0  3.650E-01  5.00E-03  0.00E+00  0.00E+00  1.00E+00                0.01
    74     1    0  3.700E-01  5.00E-03  0.00E+00  0.00E+00  1.00E+00                0.01
    75     1    0  3.750E-01  5.00E-03  0.00E+00  0.00E+00  1.00E+00                0.01
    76     1    0  3.800E-01  5.00E-03  0.00E+00  0.00E+00  1.00E+00                0.01
    77     1    0  3.850E-01  5.00E-03  0.00E+00  0.00E+00  1.00E+00                0.01
    78     1    0  3.900E-01  5.00E-03  0.00E+00  0.00E+00  1.00E+00                0.01
    79     1    0  3.950E-01  5.00E-03  0.00E+00  0.00E+00  1.00E+00                0.01
    80     1    0  4.000E-01  5.00E-03  0.00E+00  0.00E+00  1.00E+00                0.01
    81     1    0  4.050E-01  5.00E-03  0.00E+00  0.00E+00  1.00E+00                0.01
    82     1    0  4.100E-01  5.00E-03  0.00E+00  0.00E+00  1.00E+00                0.01
    83     1    0  4.150E-01  5.00E-03  0.00E+00  0.00E+00  1.00E+00                0.01
    84     1    0  4.200E-01  5.00E-03  0.00E+00  0.00E+00  1.00E+00                0.01
    85     1    0  4.250E-01  5.00E-03  0.00E+00  0.00E+00  1.00E+00                0.01
    86     1    0  4.300E-01  5.00E-03  0.00E+00  0.00E+00  1.00E+00                0.01
    87     1    0  4.350E-01  5.00E-03  0.00E+00  0.00E+00  1.00E+00                0.01
    88     1    0  4.400E-01  5.00E-03  0.00E+00  0.00E+00  1.00E+00                0.01
    89     1    0  4.450E-01  5.00E-03  0.00E+00  0.00E+00  1.00E+00                0.01
    90     1    0  4.500E-01  5.00E-03  0.00E+00  0.00E+00  1.00E+00                0.01
    91     1    0  4.550E-01  5.00E-03  0.00E+00  0.00E+00  1.00E+00                0.01
    92     1    0  4.600E-01  5.00E-03  0.00E+00  0.00E+00  1.00E+00                0.01
    93     1    0  4.650E-01  5.00E-03  0.00E+00  0.00E+00  1.00E+00                0.01
    94     1    0  4.700E-01  5.00E-03  0.00E+00  0.00E+00  1.00E+00                0.01
    95     1    0  4.750E-01  5.00E-03  0.00E+00  0.00E+00  1.00E+00                0.01
    96     1    0  4.800E-01  5.00E-03  0.00E+00  0.00E+00  1.00E+00                0.01
    97     1    0  4.850E-01  5.00E-03  0.00E+00  0.00E+00  1.00E+00                0.01
    98     1    0  4.900E-01  5.00E-03  0.00E+00  0.00E+00  1.00E+00                0.01
    99     1    0  4.950E-01  5.00E-03  0.00E+00  0.00E+00  1.00E+00                0.01
   100     1    0  5.000E-01  5.00E-03  0.00E+00  0.00E+00  1.00E+00                0.01
   101     1    0  5.050E-01  5.00E-03  0.00E+00  0.00E+00  1.00E+00                0.01
   102     1    0  5.100E-01  5.00E-03  0.00E+00  0.00E+00  1.00E+00                0.01
   103     1    0  5.150E-01  5.00E-03  0.00E+00  0.00E+00  1.00E+00                0.01
   104     1    0  5.200E-01  5.00E-03  0.00E+00  0.00E+00  1.00E+00                0.01
   105     1    0  5.250E-01  5.00E-03  0.00E+00  0.00E+00  1.00E+00                0.01
   106     1    0  5.300E-01  5.00E-03  0.00E+00  0.00E+00  1.00E+00                0.01
   107     1    0  5.350E-01  5.00E-03  0.00E+00  0.00E+00  1.00E+00                0.01
   108     1    0  5.400E-01  5.00E-03  0.00E+00  0.00E+00  1.00E+00                0.01
   109     1    0  5.450E-01  5.00E-03  0.00E+00  0.00E+00  1.00E+00                0.01
   110     1    0  5.500E-01  5.00E-03  0.00E+00  0.00E+00  1.00E+00                0.01
   111     1    0  5.550E-01  5.00E-03  0.00E+00  0.00E+00  1.00E+00                0.01
   112     1    0  5.600E-01  5.00E-03  0.00E+00  0.00E+00  1.00E+00                0.01
   113     1    0  5.650E-01  5.00E-03  0.00E+00  0.00E+00  1.00E+00                0.01
   114     1    0  5.700E-01  5.00E-03  0.00E+00  0.00E+00  1.00E+00                0.01
   115     1    0  5.750E-01  5.00E-03  0.00E+00  0.00E+00  1.00E+00                0.01
   116     1    0  5.800E-01  5.00E-03  0.00E+00  0.00E+00  1.00E+00                0.01
   117     1    0  5.850E-01  5.00E-03  0.00E+00  0.00E+00  1.00E+00                0.01
   118     1    0  5.900E-01  5.00E-03  0.00E+00  0.00E+00  1.00E+00                0.01
   119     1    0  5.950E-01  5.00E-03  0.00E+00  0.00E+00  1.00E+00                0.01
   120     1    0  6.000E-01  5.00E-03  0.00E+00  0.00E+00  1.00E+00                0.01
   121     1    0  6.050E-01  5.00E-03  0.00E+00  0.00E+00  1.00E+00                0.01
   122     1    0  6.100E-01  5.00E-03  0.00E+00  0.00E+00  1.00E+00                0.01
   123     1    0  6.150E-01  5.00E-03  0.00E+00  0.00E+00  1.00E+00                0.01
   124     1    0  6.200E-01  5.00E-03  0.00E+00  0.00E+00  1.00E+00                0.01
   125     1    0  6.250E-01  5.00E-03  0.00E+00  0.00E+00  1.00E+00                0.01
   126     1    0  6.300E-01  5.00E-03  0.00E+00  0.00E+00  1.00E+00                0.01
   127     1    0  6.350E-01  5.00E-03  0.00E+00  0.00E+00  1.00E+00                0.01
   128     1    0  6.400E-01  5.00E-03  0.00E+00  0.00E+00  1.00E+00                0.01
   129     1    0  6.450E-01  5.00E-03  0.00E+00  0.00E+00  1.00E+00                0.01
   130     1    0  6.500E-01  5.00E-03  0.00E+00  0.00E+00  1.00E+00                0.01
   131     1    0  6.550E-01  5.00E-03  0.00E+00  0.00E+00  1.00E+00                0.01
   132     1    0  6.600E-01  5.00E-03  0.00E+00  0.00E+00  1.00E+00                0.01
   133     1    0  6.650E-01  5.00E-03  0.00E+00  0.00E+00  1.00E+00                0.01
   134     1    0  6.700E-01  5.00E-03  0.00E+00  0.00E+00  1.00E+00                0.01
   135     1    0  6.750E-01  5.00E-03  0.00E+00  0.00E+00  1.00E+00                0.01
   136     1    0  6.800E-01  5.00E-03  0.00E+00  0.00E+00  1.00E+00                0.01
   137     1    0  6.850E-01  5.00E-03  0.00E+00  0.00E+00  1.00E+00                0.01
   138     1    0  6.900E-01  5.00E-03  0.00E+00  0.00E+00  1.00E+00                0.01
   139     1    0  6.950E-01  5.00E-03  0.00E+00  0.00E+00  1.00E+00                0.01
   140     1    0  7.000E-01  5.00E-03  0.00E+00  0.00E+00  1.00E+00                0.01
   141     1    0  7.050E-01  5.00E-03  0.00E+00  0.00E+00  1.00E+00                0.01
   142     1    0  7.100E-01  5.00E-03  0.00E+00  0.00E+00  1.00E+00                0.01
   143     1    0  7.150E-01  5.00E-03  0.00E+00  0.00E+00  1.00E+00                0.01
   144     1    0  7.200E-01  5.00E-03  0.00E+00  0.00E+00  1.00E+00                0.01
   145     1    0  7.250E-01  5.00E-03  0.00E+00  0.00E+00  1.00E+00                0.01
   146     1    0  7.300E-01  5.00E-03  0.00E+00  0.00E+00  1.00E+00                0.01
   147     1    0  7.350E-01  5.00E-03  0.00E+00  0.00E+00  1.00E+00                0.01
   148     1    0  7.400E-01  5.00E-03  0.00E+00  0.00E+00  1.00E+00                0.01
   149     1    0  7.450E-01  5.00E-03  0.00E+00  0.00E+00  1.00E+00                0.01
   150     1    0  7.500E-01  5.00E-03  0.00E+00  0.00E+00  1.00E+00                0.01
   151     1    0  7.550E-01  5.00E-03  0.00E+00  0.00E+00  1.00E+00                0.01
   152     1    0  7.600E-01  5.00E-03  0.00E+00  0.00E+00  1.00E+00                0.01
   153     1    0  7.650E-01  5.00E-03  0.00E+00  0.00E+00  1.00E+00                0.01
   154     1    0  7.700E-01  5.00E-03  0.00E+00  0.00E+00  1.00E+00                0.01
   155     1    0  7.750E-01  5.00E-03  0.00E+00  0.00E+00  1.00E+00                0.01
   156     1    0  7.800E-01  5.00E-03  0.00E+00  0.00E+00  1.00E+00                0.01
   157     1    0  7.850E-01  5.00E-03  0.00E+00  0.00E+00  1.00E+00                0.01
   158     1    0  7.900E-01  5.00E-03  0.00E+00  0.00E+00  1.00E+00                0.01
   159     1    0  7.950E-01  5.00E-03  0.00E+00  0.00E+00  1.00E+00                0.01
   160     1    0  8.000E-01  5.00E-03  0.00E+00  0.00E+00  1.00E+00                0.01
   161     1    0  8.050E-01  5.00E-03  0.00E+00  0.00E+00  1.00E+00                0.01
   162     1    0  8.100E-01  5.00E-03  0.00E+00  0.00E+00  1.00E+00                0.01
   163     1    0  8.150E-01  5.00E-03  0.00E+00  0.00E+00  1.00E+00                0.01
   164     1    0  8.200E-01  5.00E-03  0.00E+00  0.00E+00  1.00E+00                0.01
   165     1    0  8.250E-01  5.00E-03  0.00E+00  0.00E+00  1.00E+00                0.01
   166     1    0  8.300E-01  5.00E-03  0.00E+00  0.00E+00  1.00E+00                0.01
   167     1    0  8.350E-01  5.00E-03  0.00E+00  0.00E+00  1.00E+00                0.01
   168     1    0  8.400E-01  5.00E-03  0.00E+00  0.00E+00  1.00E+00                0.01
   169     1    0  8.450E-01  5.00E-03  0.00E+00  0.00E+00  1.00E+00                0.01
   170     1    0  8.500E-01  5.00E-03  0.00E+00  0.00E+00  1.00E+00                0.01
   171     1    0  8.550E-01  5.00E-03  0.00E+00  0.00E+00  1.00E+00                0.01
   172     1    0  8.600E-01  5.00E-03  0.00E+00  0.00E+00  1.00E+00                0.01
   173     1    0  8.650E-01  5.00E-03  0.00E+00  0.00E+00  1.00E+00                0.01
   174     1    0  8.700E-01  5.00E-03  0.00E+00  0.00E+00  1.00E+00                0.01
   175     1    0  8.750E-01  5.00E-03  0.00E+00  0.00E+00  1.00E+00                0.01
   176     1    0  8.800E-01  5.00E-03  0.00E+00  0.00E+00  1.00E+00                0.01
   177     1    0  8.850E-01  5.00E-03  0.00E+00  0.00E+00  1.00E+00                0.01
   178     1    0  8.900E-01  5.00E-03  0.00E+00  0.00E+00  1.00E+00                0.01
   179     1    0  8.950E-01  5.00E-03  0.00E+00  0.00E+00  1.00E+00                0.01
   180     1    0  9.000E-01  5.00E-03  0.00E+00  0.00E+00  1.00E+00                0.01
   181     1    0  9.050E-01  5.00E-03  0.00E+00  0.00E+00  1.00E+00                0.01
   182     1    0  9.100E-01  5.00E-03  0.00E+00  0.00E+00  1.00E+00                0.01
   183     1    0  9.150E-01  5.00E-03  0.00E+00  0.00E+00  1.00E+00                0.01
   184     1    0  9.200E-01  5.00E-03  0.00E+00  0.00E+00  1.00E+00                0.01
   185     1    0  9.250E-01  5.00E-03  0.00E+00  0.00E+00  1.00E+00                0.01
   186     1    0  9.300E-01  5.00E-03  0.00E+00  0.00E+00  1.00E+00                0.01
   187     1    0  9.350E-01  5.00E-03  0.00E+00  0.00E+00  1.00E+00                0.01
   188     1    0  9.400E-01  5.00E-03  0.00E+00  0.00E+00  1.00E+00                0.01
   189     1    0  9.450E-01  5.00E-03  0.00E+00  0.00E+00  1.00E+00                0.01
   190     1    0  9.500E-01  5.00E-03  0.00E+00  0.00E+00  1.00E+00                0.01
   191     1    0  9.550E-01  5.00E-03  0.00E+00  0.00E+00  1.00E+00                0.01
   192     1    0  9.600E-01  5.00E-03  0.00E+00  0.00E+00  1.00E+00                0.01
   193     1    0  9.650E-01  5.00E-03  0.00E+00  0.00E+00  1.00E+00                0.01
   194     1    0  9.700E-01  5.00E-03  0.00E+00  0.00E+00  1.00E+00                0.01
   195     1    0  9.750E-01  5.00E-03  0.00E+00  0.00E+00  1.00E+00                0.01
   196     1    0  9.800E-01  5.00E-03  0.00E+00  0.00E+00  1.00E+00                0.01
   197     1    0  9.850E-01  5.00E-03  0.00E+00  0.00E+00  1.00E+00                0.01
   198     1    0  9.900E-01  5.00E-03  0.00E+00  0.00E+00  1.00E+00                0.01
   199     1    0  9.950E-01  5.00E-03  0.00E+00  0.00E+00  1.00E+00                0.01
   200     1    0  1.000E+00  5.00E-03  0.00E+00  0.00E+00  1.00E+00                0.01
